%% ex2

A = [1:5; 6:10; 11:15; 16:20];
V = A(:, 2)
A(:, 5) = 0
